0D
00
03
20
01
00
04 
20
FF
FF
05
20
00
00 
06 
20
09 
00 
60 
10
20 
20 
85 
00
22 
28 
85 
00
80 
00 
C4 
A0
01 
00 
C6 
20
FF 
FF 
63 
20
02 
00 
00 
08
02 
00 
00 
10
05 
00 
00 
08
FF 
00 
CE 
80
80 
00 
C2 
80
FF 
00 
02 
A0
02 
00 
00 
08
00
00
00
00
00
00
00
00
00
00
00
00
00
00
00
00
00
00
00
00
00
00
00
00
00
00
00
00
00
00
00
00
00
00
00
00
00
00
00
00
00
00
00
00
00
00
00
00
00
00
00
00
00
00
00
00
00
00
00
00
00
00
00
00
00
00
00
00
00
00
00
00
00
00
00
00
00
00
00
00
00
00
00
00
00
00
00
00
00
00
00
00
00
00
00
00
00
00
00
00
00
00
00
00
00
00
00
00
00
00
00
00
00
00
00
00
00
00
00
00
00
00
00
00
00
00
00
00
00
00
00
00
00
00
00
00
00
00
00
00
00
00
00
00
00
00
00
00
00
00
00
00
00
00
00
00
00
00
00
00
00
00
00
00
00
00
00
00
00
00
00
00
00
00
00
00
00
00
00
00
00
00
00
00
00
00
00
00
